WR00L2L2        5000    96     5     5               0.25             3.3435e+02
WR00L2L4        5000    96     5     5               0.22             3.7771e+02
WR00L2C2        5000    96     5     5               0.22             3.7754e+02
WR00L2C4        5000    96     5     5               0.22             3.8057e+02
WR00L2R2        5000    96     5     5               0.22             3.7877e+02
WR00L2R4        5000    96     5     5               0.22             3.8026e+02
WR00C2L2        5000    96     5     5               0.22             3.7612e+02
WR00C2L4        5000    96     5     5               0.22             3.7984e+02
WR00C2C2        5000    96     5     5               0.22             3.7732e+02
WR00C2C4        5000    96     5     5               0.22             3.8015e+02
WR00C2R2        5000    96     5     5               0.22             3.7804e+02
WR00C2R4        5000    96     5     5               0.22             3.8058e+02
WR00R2L2        5000    96     5     5               0.22             3.7763e+02
WR00R2L4        5000    96     5     5               0.22             3.8041e+02
WR00R2C2        5000    96     5     5               0.22             3.7909e+02
WR00R2C4        5000    96     5     5               0.22             3.8060e+02
WR00R2R2        5000    96     5     5               0.22             3.7801e+02
WR00R2R4        5000    96     5     5               0.22             3.8169e+02
WR00L2L2        5000    80     5     5               0.22             3.7767e+02
WR00L2L4        5000    80     5     5               0.22             3.8309e+02
WR00L2C2        5000    80     5     5               0.22             3.7997e+02
WR00L2C4        5000    80     5     5               0.22             3.8337e+02
WR00L2R2        5000    80     5     5               0.22             3.8036e+02
WR00L2R4        5000    80     5     5               0.22             3.8431e+02
WR00C2L2        5000    80     5     5               0.22             3.7806e+02
WR00C2L4        5000    80     5     5               0.22             3.8241e+02
WR00C2C2        5000    80     5     5               0.22             3.7951e+02
WR00C2C4        5000    80     5     5               0.22             3.8312e+02
WR00C2R2        5000    80     5     5               0.22             3.7983e+02
WR00C2R4        5000    80     5     5               0.22             3.8340e+02
WR00R2L2        5000    80     5     5               0.22             3.8006e+02
WR00R2L4        5000    80     5     5               0.22             3.8392e+02
WR00R2C2        5000    80     5     5               0.22             3.8091e+02
WR00R2C4        5000    80     5     5               0.22             3.8434e+02
WR00R2R2        5000    80     5     5               0.22             3.8086e+02
WR00R2R4        5000    80     5     5               0.22             3.8071e+02
WR00L2L2        5000   112     5     5               0.22             3.7423e+02
WR00L2L4        5000   112     5     5               0.22             3.7729e+02
WR00L2C2        5000   112     5     5               0.22             3.7609e+02
WR00L2C4        5000   112     5     5               0.22             3.8122e+02
WR00L2R2        5000   112     5     5               0.22             3.7680e+02
WR00L2R4        5000   112     5     5               0.22             3.8156e+02
WR00C2L2        5000   112     5     5               0.22             3.7478e+02
WR00C2L4        5000   112     5     5               0.22             3.7973e+02
WR00C2C2        5000   112     5     5               0.22             3.7559e+02
WR00C2C4        5000   112     5     5               0.22             3.8070e+02
WR00C2R2        5000   112     5     5               0.22             3.7601e+02
WR00C2R4        5000   112     5     5               0.22             3.8107e+02
WR00R2L2        5000   112     5     5               0.22             3.7631e+02
WR00R2L4        5000   112     5     5               0.22             3.8122e+02
WR00R2C2        5000   112     5     5               0.22             3.7710e+02
WR00R2C4        5000   112     5     5               0.22             3.8110e+02
WR00R2R2        5000   112     5     5               0.22             3.7780e+02
WR00R2R4        5000   112     5     5               0.22             3.8193e+02
WR00L2L2       10000    96     5     5               1.21             5.5058e+02
WR00L2L4       10000    96     5     5               1.21             5.5200e+02
WR00L2C2       10000    96     5     5               1.21             5.5251e+02
WR00L2C4       10000    96     5     5               1.21             5.5327e+02
WR00L2R2       10000    96     5     5               1.21             5.5276e+02
WR00L2R4       10000    96     5     5               1.21             5.5337e+02
WR00C2L2       10000    96     5     5               1.21             5.5175e+02
WR00C2L4       10000    96     5     5               1.21             5.5202e+02
WR00C2C2       10000    96     5     5               1.21             5.5221e+02
WR00C2C4       10000    96     5     5               1.21             5.5305e+02
WR00C2R2       10000    96     5     5               1.21             5.5256e+02
WR00C2R4       10000    96     5     5               1.21             5.5237e+02
WR00R2L2       10000    96     5     5               1.21             5.5211e+02
WR00R2L4       10000    96     5     5               1.21             5.5312e+02
WR00R2C2       10000    96     5     5               1.21             5.5314e+02
WR00R2C4       10000    96     5     5               1.21             5.5272e+02
WR00R2R2       10000    96     5     5               1.21             5.5264e+02
WR00R2R4       10000    96     5     5               1.21             5.5291e+02
WR00L2L2       10000    80     5     5               1.29             5.1875e+02
WR00L2L4       10000    80     5     5               1.28             5.2219e+02
WR00L2C2       10000    80     5     5               1.28             5.2139e+02
WR00L2C4       10000    80     5     5               1.28             5.2288e+02
WR00L2R2       10000    80     5     5               1.28             5.2071e+02
WR00L2R4       10000    80     5     5               1.28             5.2263e+02
WR00C2L2       10000    80     5     5               1.28             5.2076e+02
WR00C2L4       10000    80     5     5               1.28             5.2249e+02
WR00C2C2       10000    80     5     5               1.28             5.2080e+02
WR00C2C4       10000    80     5     5               1.28             5.2284e+02
WR00C2R2       10000    80     5     5               1.28             5.2132e+02
WR00C2R4       10000    80     5     5               1.28             5.2166e+02
WR00R2L2       10000    80     5     5               1.28             5.2117e+02
WR00R2L4       10000    80     5     5               1.28             5.2260e+02
WR00R2C2       10000    80     5     5               1.28             5.2153e+02
WR00R2C4       10000    80     5     5               1.28             5.2199e+02
WR00R2R2       10000    80     5     5               1.28             5.2178e+02
WR00R2R4       10000    80     5     5               1.28             5.2294e+02
WR00L2L2       10000   112     5     5               1.19             5.6168e+02
WR00L2L4       10000   112     5     5               1.18             5.6595e+02
WR00L2C2       10000   112     5     5               1.19             5.6252e+02
WR00L2C4       10000   112     5     5               1.18             5.6535e+02
WR00L2R2       10000   112     5     5               1.18             5.6305e+02
WR00L2R4       10000   112     5     5               1.18             5.6621e+02
WR00C2L2       10000   112     5     5               1.19             5.6236e+02
WR00C2L4       10000   112     5     5               1.18             5.6578e+02
WR00C2C2       10000   112     5     5               1.19             5.6216e+02
WR00C2C4       10000   112     5     5               1.18             5.6615e+02
WR00C2R2       10000   112     5     5               1.18             5.6317e+02
WR00C2R4       10000   112     5     5               1.18             5.6545e+02
WR00R2L2       10000   112     5     5               1.19             5.6143e+02
WR00R2L4       10000   112     5     5               1.18             5.6537e+02
WR00R2C2       10000   112     5     5               1.18             5.6349e+02
WR00R2C4       10000   112     5     5               1.18             5.6566e+02
WR00R2R2       10000   112     5     5               1.18             5.6387e+02
WR00R2R4       10000   112     5     5               1.18             5.6606e+02
WR00L2L2       15000    96     5     5               3.70             6.0752e+02
WR00L2L4       15000    96     5     5               3.70             6.0757e+02
WR00L2C2       15000    96     5     5               3.70             6.0806e+02
WR00L2C4       15000    96     5     5               3.70             6.0785e+02
WR00L2R2       15000    96     5     5               3.70             6.0778e+02
WR00L2R4       15000    96     5     5               3.71             6.0736e+02
WR00C2L2       15000    96     5     5               3.70             6.0748e+02
WR00C2L4       15000    96     5     5               3.70             6.0748e+02
WR00C2C2       15000    96     5     5               3.71             6.0660e+02
WR00C2C4       15000    96     5     5               3.70             6.0754e+02
WR00C2R2       15000    96     5     5               3.70             6.0759e+02
WR00C2R4       15000    96     5     5               3.71             6.0668e+02
WR00R2L2       15000    96     5     5               3.70             6.0785e+02
WR00R2L4       15000    96     5     5               3.70             6.0785e+02
WR00R2C2       15000    96     5     5               3.70             6.0791e+02
WR00R2C4       15000    96     5     5               3.70             6.0785e+02
WR00R2R2       15000    96     5     5               3.70             6.0833e+02
WR00R2R4       15000    96     5     5               3.71             6.0721e+02
WR00L2L2       15000    80     5     5               3.77             5.9767e+02
WR00L2L4       15000    80     5     5               3.76             5.9819e+02
WR00L2C2       15000    80     5     5               3.76             5.9875e+02
WR00L2C4       15000    80     5     5               3.76             5.9899e+02
WR00L2R2       15000    80     5     5               3.76             5.9885e+02
WR00L2R4       15000    80     5     5               3.76             5.9882e+02
WR00C2L2       15000    80     5     5               3.77             5.9652e+02
WR00C2L4       15000    80     5     5               3.77             5.9715e+02
WR00C2C2       15000    80     5     5               3.77             5.9748e+02
WR00C2C4       15000    80     5     5               3.76             5.9905e+02
WR00C2R2       15000    80     5     5               3.76             5.9784e+02
WR00C2R4       15000    80     5     5               3.76             5.9883e+02
WR00R2L2       15000    80     5     5               3.77             5.9764e+02
WR00R2L4       15000    80     5     5               3.75             5.9948e+02
WR00R2C2       15000    80     5     5               3.76             5.9813e+02
WR00R2C4       15000    80     5     5               3.76             5.9884e+02
WR00R2R2       15000    80     5     5               3.76             5.9900e+02
WR00R2R4       15000    80     5     5               3.75             5.9929e+02
WR00L2L2       15000   112     5     5               3.48             6.4681e+02
WR00L2L4       15000   112     5     5               3.47             6.4926e+02
WR00L2C2       15000   112     5     5               3.47             6.4766e+02
WR00L2C4       15000   112     5     5               3.47             6.4877e+02
WR00L2R2       15000   112     5     5               3.47             6.4773e+02
WR00L2R4       15000   112     5     5               3.47             6.4929e+02
WR00C2L2       15000   112     5     5               3.48             6.4692e+02
WR00C2L4       15000   112     5     5               3.47             6.4892e+02
WR00C2C2       15000   112     5     5               3.49             6.4567e+02
WR00C2C4       15000   112     5     5               3.47             6.4899e+02
WR00C2R2       15000   112     5     5               3.48             6.4661e+02
WR00C2R4       15000   112     5     5               3.47             6.4864e+02
WR00R2L2       15000   112     5     5               3.48             6.4732e+02
WR00R2L4       15000   112     5     5               3.47             6.4832e+02
WR00R2C2       15000   112     5     5               3.48             6.4686e+02
WR00R2C4       15000   112     5     5               3.47             6.4918e+02
WR00R2R2       15000   112     5     5               3.48             6.4735e+02
WR00R2R4       15000   112     5     5               3.47             6.4880e+02
WR00L2L2       20000    96     5     5               7.87             6.7735e+02
WR00L2L4       20000    96     5     5               7.86             6.7864e+02
WR00L2C2       20000    96     5     5               7.86             6.7904e+02
WR00L2C4       20000    96     5     5               7.86             6.7868e+02
WR00L2R2       20000    96     5     5               7.86             6.7853e+02
WR00L2R4       20000    96     5     5               7.86             6.7821e+02
WR00C2L2       20000    96     5     5               7.87             6.7752e+02
WR00C2L4       20000    96     5     5               7.86             6.7853e+02
WR00C2C2       20000    96     5     5               7.85             6.7921e+02
WR00C2C4       20000    96     5     5               7.86             6.7863e+02
WR00C2R2       20000    96     5     5               7.86             6.7878e+02
WR00C2R4       20000    96     5     5               7.86             6.7863e+02
WR00R2L2       20000    96     5     5               7.86             6.7886e+02
WR00R2L4       20000    96     5     5               7.86             6.7830e+02
WR00R2C2       20000    96     5     5               7.86             6.7878e+02
WR00R2C4       20000    96     5     5               7.86             6.7849e+02
WR00R2R2       20000    96     5     5               7.86             6.7879e+02
WR00R2R4       20000    96     5     5               7.86             6.7861e+02
WR00L2L2       20000    80     5     5               8.30             6.4256e+02
WR00L2L4       20000    80     5     5               8.30             6.4262e+02
WR00L2C2       20000    80     5     5               8.30             6.4283e+02
WR00L2C4       20000    80     5     5               8.32             6.4135e+02
WR00L2R2       20000    80     5     5               8.32             6.4112e+02
WR00L2R4       20000    80     5     5               8.31             6.4211e+02
WR00C2L2       20000    80     5     5               8.31             6.4167e+02
WR00C2L4       20000    80     5     5               8.30             6.4248e+02
WR00C2C2       20000    80     5     5               8.30             6.4274e+02
WR00C2C4       20000    80     5     5               8.30             6.4256e+02
WR00C2R2       20000    80     5     5               8.30             6.4259e+02
WR00C2R4       20000    80     5     5               8.30             6.4263e+02
WR00R2L2       20000    80     5     5               8.31             6.4198e+02
WR00R2L4       20000    80     5     5               8.31             6.4215e+02
WR00R2C2       20000    80     5     5               8.30             6.4287e+02
WR00R2C4       20000    80     5     5               8.30             6.4286e+02
WR00R2R2       20000    80     5     5               8.30             6.4254e+02
WR00R2R4       20000    80     5     5               8.31             6.4224e+02
WR00L2L2       20000   112     5     5               7.57             7.0497e+02
WR00L2L4       20000   112     5     5               7.55             7.0647e+02
WR00L2C2       20000   112     5     5               7.57             7.0504e+02
WR00L2C4       20000   112     5     5               7.56             7.0577e+02
WR00L2R2       20000   112     5     5               7.56             7.0534e+02
WR00L2R4       20000   112     5     5               7.55             7.0649e+02
WR00C2L2       20000   112     5     5               7.56             7.0514e+02
WR00C2L4       20000   112     5     5               7.56             7.0580e+02
WR00C2C2       20000   112     5     5               7.57             7.0508e+02
WR00C2C4       20000   112     5     5               7.55             7.0668e+02
WR00C2R2       20000   112     5     5               7.56             7.0515e+02
WR00C2R4       20000   112     5     5               7.55             7.0614e+02
WR00R2L2       20000   112     5     5               7.57             7.0486e+02
WR00R2L4       20000   112     5     5               7.56             7.0544e+02
WR00R2C2       20000   112     5     5               7.56             7.0542e+02
WR00R2C4       20000   112     5     5               7.55             7.0651e+02
WR00R2R2       20000   112     5     5               7.56             7.0560e+02
WR00R2R4       20000   112     5     5               7.55             7.0644e+02
