WR00L2L2        5000    64     4     4               0.30             2.7537e+02
WR00L2L4        5000    64     4     4               0.27             3.0947e+02
WR00L2C2        5000    64     4     4               0.27             3.0868e+02
WR00L2C4        5000    64     4     4               0.27             3.1103e+02
WR00L2R2        5000    64     4     4               0.27             3.0924e+02
WR00L2R4        5000    64     4     4               0.27             3.1186e+02
WR00C2L2        5000    64     4     4               0.27             3.0612e+02
WR00C2L4        5000    64     4     4               0.27             3.1095e+02
WR00C2C2        5000    64     4     4               0.27             3.0888e+02
WR00C2C4        5000    64     4     4               0.27             3.1131e+02
WR00C2R2        5000    64     4     4               0.27             3.0897e+02
WR00C2R4        5000    64     4     4               0.27             3.1153e+02
WR00R2L2        5000    64     4     4               0.27             3.0878e+02
WR00R2L4        5000    64     4     4               0.27             3.1137e+02
WR00R2C2        5000    64     4     4               0.27             3.0955e+02
WR00R2C4        5000    64     4     4               0.27             3.1180e+02
WR00R2R2        5000    64     4     4               0.27             3.0982e+02
WR00R2R4        5000    64     4     4               0.27             3.1214e+02
WR00L2L2        5000    80     4     4               0.27             3.0662e+02
WR00L2L4        5000    80     4     4               0.27             3.1020e+02
WR00L2C2        5000    80     4     4               0.27             3.0763e+02
WR00L2C4        5000    80     4     4               0.27             3.0854e+02
WR00L2R2        5000    80     4     4               0.27             3.0818e+02
WR00L2R4        5000    80     4     4               0.27             3.1085e+02
WR00C2L2        5000    80     4     4               0.27             3.0684e+02
WR00C2L4        5000    80     4     4               0.27             3.0983e+02
WR00C2C2        5000    80     4     4               0.27             3.0721e+02
WR00C2C4        5000    80     4     4               0.27             3.1009e+02
WR00C2R2        5000    80     4     4               0.27             3.0737e+02
WR00C2R4        5000    80     4     4               0.27             3.1033e+02
WR00R2L2        5000    80     4     4               0.27             3.0800e+02
WR00R2L4        5000    80     4     4               0.27             3.1007e+02
WR00R2C2        5000    80     4     4               0.27             3.0805e+02
WR00R2C4        5000    80     4     4               0.27             3.1074e+02
WR00R2R2        5000    80     4     4               0.27             3.0887e+02
WR00R2R4        5000    80     4     4               0.27             3.1104e+02
WR00L2L2        5000    96     4     4               0.26             3.1469e+02
WR00L2L4        5000    96     4     4               0.26             3.1617e+02
WR00L2C2        5000    96     4     4               0.26             3.1612e+02
WR00L2C4        5000    96     4     4               0.26             3.1738e+02
WR00L2R2        5000    96     4     4               0.26             3.1658e+02
WR00L2R4        5000    96     4     4               0.26             3.1776e+02
WR00C2L2        5000    96     4     4               0.26             3.1489e+02
WR00C2L4        5000    96     4     4               0.26             3.1696e+02
WR00C2C2        5000    96     4     4               0.26             3.1554e+02
WR00C2C4        5000    96     4     4               0.26             3.1694e+02
WR00C2R2        5000    96     4     4               0.26             3.1560e+02
WR00C2R4        5000    96     4     4               0.26             3.1746e+02
WR00R2L2        5000    96     4     4               0.26             3.1566e+02
WR00R2L4        5000    96     4     4               0.26             3.1715e+02
WR00R2C2        5000    96     4     4               0.26             3.1650e+02
WR00R2C4        5000    96     4     4               0.26             3.1774e+02
WR00R2R2        5000    96     4     4               0.26             3.1524e+02
WR00R2R4        5000    96     4     4               0.26             3.1820e+02
WR00L2L2        5000   112     4     4               0.27             3.1201e+02
WR00L2L4        5000   112     4     4               0.26             3.1566e+02
WR00L2C2        5000   112     4     4               0.27             3.1280e+02
WR00L2C4        5000   112     4     4               0.26             3.1619e+02
WR00L2R2        5000   112     4     4               0.27             3.1357e+02
WR00L2R4        5000   112     4     4               0.26             3.1614e+02
WR00C2L2        5000   112     4     4               0.27             3.1192e+02
WR00C2L4        5000   112     4     4               0.26             3.1526e+02
WR00C2C2        5000   112     4     4               0.27             3.1225e+02
WR00C2C4        5000   112     4     4               0.26             3.1616e+02
WR00C2R2        5000   112     4     4               0.27             3.1256e+02
WR00C2R4        5000   112     4     4               0.26             3.1589e+02
WR00R2L2        5000   112     4     4               0.27             3.1271e+02
WR00R2L4        5000   112     4     4               0.26             3.1596e+02
WR00R2C2        5000   112     4     4               0.27             3.1212e+02
WR00R2C4        5000   112     4     4               0.26             3.1639e+02
WR00R2R2        5000   112     4     4               0.27             3.1347e+02
WR00R2R4        5000   112     4     4               0.26             3.1634e+02
WR00L2L2        5000   128     4     4               0.29             2.8695e+02
WR00L2L4        5000   128     4     4               0.29             2.9058e+02
WR00L2C2        5000   128     4     4               0.29             2.8805e+02
WR00L2C4        5000   128     4     4               0.29             2.9102e+02
WR00L2R2        5000   128     4     4               0.29             2.8823e+02
WR00L2R4        5000   128     4     4               0.29             2.9119e+02
WR00C2L2        5000   128     4     4               0.29             2.8751e+02
WR00C2L4        5000   128     4     4               0.29             2.9064e+02
WR00C2C2        5000   128     4     4               0.29             2.8789e+02
WR00C2C4        5000   128     4     4               0.29             2.9066e+02
WR00C2R2        5000   128     4     4               0.29             2.8818e+02
WR00C2R4        5000   128     4     4               0.29             2.9065e+02
WR00R2L2        5000   128     4     4               0.29             2.8784e+02
WR00R2L4        5000   128     4     4               0.29             2.9037e+02
WR00R2C2        5000   128     4     4               0.29             2.8837e+02
WR00R2C4        5000   128     4     4               0.29             2.9114e+02
WR00R2R2        5000   128     4     4               0.29             2.8840e+02
WR00R2R4        5000   128     4     4               0.29             2.9151e+02
WR00L2L2        5000    96     4     4               0.28             2.9880e+02
WR00L2L4        5000    96     4     4               0.27             3.1448e+02
WR00L2C2        5000    96     4     4               0.26             3.1539e+02
WR00L2C4        5000    96     4     4               0.26             3.1676e+02
WR00L2R2        5000    96     4     4               0.26             3.1565e+02
WR00L2R4        5000    96     4     4               0.26             3.1709e+02
WR00C2L2        5000    96     4     4               0.27             3.1457e+02
WR00C2L4        5000    96     4     4               0.26             3.1606e+02
WR00C2C2        5000    96     4     4               0.26             3.1507e+02
WR00C2C4        5000    96     4     4               0.26             3.1631e+02
WR00C2R2        5000    96     4     4               0.26             3.1544e+02
WR00C2R4        5000    96     4     4               0.26             3.1674e+02
WR00R2L2        5000    96     4     4               0.26             3.1490e+02
WR00R2L4        5000    96     4     4               0.26             3.1519e+02
WR00R2C2        5000    96     4     4               0.26             3.1571e+02
WR00R2C4        5000    96     4     4               0.26             3.1648e+02
WR00R2R2        5000    96     4     4               0.26             3.1603e+02
WR00R2R4        5000    96     4     4               0.26             3.1696e+02
WR00L2L2        8000    96     4     4               0.88             3.8652e+02
WR00L2L4        8000    96     4     4               0.88             3.8739e+02
WR00L2C2        8000    96     4     4               0.88             3.8694e+02
WR00L2C4        8000    96     4     4               0.88             3.8714e+02
WR00L2R2        8000    96     4     4               0.88             3.8720e+02
WR00L2R4        8000    96     4     4               0.88             3.8762e+02
WR00C2L2        8000    96     4     4               0.88             3.8632e+02
WR00C2L4        8000    96     4     4               0.88             3.8722e+02
WR00C2C2        8000    96     4     4               0.88             3.8628e+02
WR00C2C4        8000    96     4     4               0.88             3.8740e+02
WR00C2R2        8000    96     4     4               0.88             3.8699e+02
WR00C2R4        8000    96     4     4               0.88             3.8737e+02
WR00R2L2        8000    96     4     4               0.88             3.8682e+02
WR00R2L4        8000    96     4     4               0.88             3.8720e+02
WR00R2C2        8000    96     4     4               0.88             3.8703e+02
WR00R2C4        8000    96     4     4               0.88             3.8749e+02
WR00R2R2        8000    96     4     4               0.88             3.8756e+02
WR00R2R4        8000    96     4     4               0.88             3.8755e+02
WR00L2L2       10000    96     4     4               1.58             4.2089e+02
WR00L2L4       10000    96     4     4               1.58             4.2114e+02
WR00L2C2       10000    96     4     4               1.58             4.2111e+02
WR00L2C4       10000    96     4     4               1.58             4.2154e+02
WR00L2R2       10000    96     4     4               1.58             4.2141e+02
WR00L2R4       10000    96     4     4               1.58             4.2112e+02
WR00C2L2       10000    96     4     4               1.58             4.2114e+02
WR00C2L4       10000    96     4     4               1.58             4.2145e+02
WR00C2C2       10000    96     4     4               1.58             4.2106e+02
WR00C2C4       10000    96     4     4               1.58             4.2155e+02
WR00C2R2       10000    96     4     4               1.58             4.2120e+02
WR00C2R4       10000    96     4     4               1.58             4.2129e+02
WR00R2L2       10000    96     4     4               1.58             4.2135e+02
WR00R2L4       10000    96     4     4               1.58             4.2142e+02
WR00R2C2       10000    96     4     4               1.58             4.2129e+02
WR00R2C4       10000    96     4     4               1.58             4.2154e+02
WR00R2R2       10000    96     4     4               1.58             4.2130e+02
WR00R2R4       10000    96     4     4               1.58             4.2154e+02
WR00L2L2       15000    96     4     4               4.83             4.6556e+02
WR00L2L4       15000    96     4     4               4.83             4.6552e+02
WR00L2C2       15000    96     4     4               4.83             4.6576e+02
WR00L2C4       15000    96     4     4               4.83             4.6564e+02
WR00L2R2       15000    96     4     4               4.83             4.6594e+02
WR00L2R4       15000    96     4     4               4.83             4.6547e+02
WR00C2L2       15000    96     4     4               4.83             4.6564e+02
WR00C2L4       15000    96     4     4               4.83             4.6555e+02
WR00C2C2       15000    96     4     4               4.83             4.6581e+02
WR00C2C4       15000    96     4     4               4.83             4.6570e+02
WR00C2R2       15000    96     4     4               4.83             4.6578e+02
WR00C2R4       15000    96     4     4               4.83             4.6547e+02
WR00R2L2       15000    96     4     4               4.83             4.6572e+02
WR00R2L4       15000    96     4     4               4.83             4.6561e+02
WR00R2C2       15000    96     4     4               4.83             4.6577e+02
WR00R2C4       15000    96     4     4               4.83             4.6569e+02
WR00R2R2       15000    96     4     4               4.83             4.6590e+02
WR00R2R4       15000    96     4     4               4.83             4.6554e+02
WR00L2L2       10000    96     4     4               1.61             4.1345e+02
WR00L2L4       10000    96     4     4               1.58             4.2223e+02
WR00L2C2       10000    96     4     4               1.58             4.2230e+02
WR00L2C4       10000    96     4     4               1.58             4.2262e+02
WR00L2R2       10000    96     4     4               1.58             4.2245e+02
WR00L2R4       10000    96     4     4               1.58             4.2264e+02
WR00C2L2       10000    96     4     4               1.58             4.2168e+02
WR00C2L4       10000    96     4     4               1.58             4.2202e+02
WR00C2C2       10000    96     4     4               1.58             4.2171e+02
WR00C2C4       10000    96     4     4               1.58             4.2240e+02
WR00C2R2       10000    96     4     4               1.58             4.2194e+02
WR00C2R4       10000    96     4     4               1.58             4.2246e+02
WR00R2L2       10000    96     4     4               1.58             4.2231e+02
WR00R2L4       10000    96     4     4               1.58             4.2244e+02
WR00R2C2       10000    96     4     4               1.58             4.2251e+02
WR00R2C4       10000    96     4     4               1.58             4.2259e+02
WR00R2R2       10000    96     4     4               1.58             4.2269e+02
WR00R2R4       10000    96     4     4               1.58             4.2247e+02
WR00L2L2       15000    96     4     4               4.81             4.6746e+02
WR00L2L4       15000    96     4     4               4.81             4.6807e+02
WR00L2C2       15000    96     4     4               4.81             4.6820e+02
WR00L2C4       15000    96     4     4               4.81             4.6818e+02
WR00L2R2       15000    96     4     4               4.81             4.6829e+02
WR00L2R4       15000    96     4     4               4.81             4.6810e+02
WR00C2L2       15000    96     4     4               4.81             4.6801e+02
WR00C2L4       15000    96     4     4               4.81             4.6801e+02
WR00C2C2       15000    96     4     4               4.81             4.6818e+02
WR00C2C4       15000    96     4     4               4.81             4.6810e+02
WR00C2R2       15000    96     4     4               4.81             4.6828e+02
WR00C2R4       15000    96     4     4               4.81             4.6792e+02
WR00R2L2       15000    96     4     4               4.81             4.6816e+02
WR00R2L4       15000    96     4     4               4.81             4.6810e+02
WR00R2C2       15000    96     4     4               4.81             4.6818e+02
WR00R2C4       15000    96     4     4               4.81             4.6800e+02
WR00R2R2       15000    96     4     4               4.80             4.6847e+02
WR00R2R4       15000    96     4     4               4.81             4.6804e+02
WR00L2L2       20000    96     4     4              10.65             5.0095e+02
WR00L2L4       20000    96     4     4              10.64             5.0127e+02
WR00L2C2       20000    96     4     4              10.64             5.0122e+02
WR00L2C4       20000    96     4     4              10.64             5.0110e+02
WR00L2R2       20000    96     4     4              10.64             5.0132e+02
WR00L2R4       20000    96     4     4              10.65             5.0097e+02
WR00C2L2       20000    96     4     4              10.64             5.0108e+02
WR00C2L4       20000    96     4     4              10.65             5.0099e+02
WR00C2C2       20000    96     4     4              10.64             5.0114e+02
WR00C2C4       20000    96     4     4              10.65             5.0106e+02
WR00C2R2       20000    96     4     4              10.64             5.0119e+02
WR00C2R4       20000    96     4     4              10.65             5.0095e+02
WR00R2L2       20000    96     4     4              10.64             5.0125e+02
WR00R2L4       20000    96     4     4              10.64             5.0120e+02
WR00R2C2       20000    96     4     4              10.64             5.0116e+02
WR00R2C4       20000    96     4     4              10.65             5.0106e+02
WR00R2R2       20000    96     4     4              10.64             5.0136e+02
WR00R2R4       20000    96     4     4              10.65             5.0088e+02
WR00L2L2       25000    96     4     4              20.09             5.1856e+02
WR00L2L4       25000    96     4     4              20.09             5.1843e+02
WR00L2C2       25000    96     4     4              20.09             5.1854e+02
WR00L2C4       25000    96     4     4              20.09             5.1844e+02
WR00L2R2       25000    96     4     4              20.09             5.1856e+02
WR00L2R4       25000    96     4     4              20.10             5.1823e+02
WR00C2L2       25000    96     4     4              20.09             5.1844e+02
WR00C2L4       25000    96     4     4              20.10             5.1836e+02
WR00C2C2       25000    96     4     4              20.09             5.1854e+02
WR00C2C4       25000    96     4     4              20.10             5.1835e+02
WR00C2R2       25000    96     4     4              20.08             5.1877e+02
WR00C2R4       25000    96     4     4              20.10             5.1823e+02
WR00R2L2       25000    96     4     4              20.09             5.1842e+02
WR00R2L4       25000    96     4     4              20.10             5.1835e+02
WR00R2C2       25000    96     4     4              20.09             5.1858e+02
WR00R2C4       25000    96     4     4              20.10             5.1833e+02
WR00R2R2       25000    96     4     4              20.09             5.1851e+02
WR00R2R4       25000    96     4     4              20.11             5.1808e+02
