WR00L2L2        5000    64     4     4               0.30             2.7537e+02
WR00L2L4        5000    64     4     4               0.27             3.0947e+02
WR00L2C2        5000    64     4     4               0.27             3.0868e+02
WR00L2C4        5000    64     4     4               0.27             3.1103e+02
WR00L2R2        5000    64     4     4               0.27             3.0924e+02
WR00L2R4        5000    64     4     4               0.27             3.1186e+02
WR00C2L2        5000    64     4     4               0.27             3.0612e+02
WR00C2L4        5000    64     4     4               0.27             3.1095e+02
WR00C2C2        5000    64     4     4               0.27             3.0888e+02
WR00C2C4        5000    64     4     4               0.27             3.1131e+02
WR00C2R2        5000    64     4     4               0.27             3.0897e+02
WR00C2R4        5000    64     4     4               0.27             3.1153e+02
WR00R2L2        5000    64     4     4               0.27             3.0878e+02
WR00R2L4        5000    64     4     4               0.27             3.1137e+02
WR00R2C2        5000    64     4     4               0.27             3.0955e+02
WR00R2C4        5000    64     4     4               0.27             3.1180e+02
WR00R2R2        5000    64     4     4               0.27             3.0982e+02
WR00R2R4        5000    64     4     4               0.27             3.1214e+02
WR00L2L2        5000    80     4     4               0.27             3.0662e+02
WR00L2L4        5000    80     4     4               0.27             3.1020e+02
WR00L2C2        5000    80     4     4               0.27             3.0763e+02
WR00L2C4        5000    80     4     4               0.27             3.0854e+02
WR00L2R2        5000    80     4     4               0.27             3.0818e+02
WR00L2R4        5000    80     4     4               0.27             3.1085e+02
WR00C2L2        5000    80     4     4               0.27             3.0684e+02
WR00C2L4        5000    80     4     4               0.27             3.0983e+02
WR00C2C2        5000    80     4     4               0.27             3.0721e+02
WR00C2C4        5000    80     4     4               0.27             3.1009e+02
WR00C2R2        5000    80     4     4               0.27             3.0737e+02
WR00C2R4        5000    80     4     4               0.27             3.1033e+02
WR00R2L2        5000    80     4     4               0.27             3.0800e+02
WR00R2L4        5000    80     4     4               0.27             3.1007e+02
WR00R2C2        5000    80     4     4               0.27             3.0805e+02
WR00R2C4        5000    80     4     4               0.27             3.1074e+02
WR00R2R2        5000    80     4     4               0.27             3.0887e+02
WR00R2R4        5000    80     4     4               0.27             3.1104e+02
WR00L2L2        5000    96     4     4               0.26             3.1469e+02
WR00L2L4        5000    96     4     4               0.26             3.1617e+02
WR00L2C2        5000    96     4     4               0.26             3.1612e+02
WR00L2C4        5000    96     4     4               0.26             3.1738e+02
WR00L2R2        5000    96     4     4               0.26             3.1658e+02
WR00L2R4        5000    96     4     4               0.26             3.1776e+02
WR00C2L2        5000    96     4     4               0.26             3.1489e+02
WR00C2L4        5000    96     4     4               0.26             3.1696e+02
WR00C2C2        5000    96     4     4               0.26             3.1554e+02
WR00C2C4        5000    96     4     4               0.26             3.1694e+02
WR00C2R2        5000    96     4     4               0.26             3.1560e+02
WR00C2R4        5000    96     4     4               0.26             3.1746e+02
WR00R2L2        5000    96     4     4               0.26             3.1566e+02
WR00R2L4        5000    96     4     4               0.26             3.1715e+02
WR00R2C2        5000    96     4     4               0.26             3.1650e+02
WR00R2C4        5000    96     4     4               0.26             3.1774e+02
WR00R2R2        5000    96     4     4               0.26             3.1524e+02
WR00R2R4        5000    96     4     4               0.26             3.1820e+02
WR00L2L2        5000   112     4     4               0.27             3.1201e+02
WR00L2L4        5000   112     4     4               0.26             3.1566e+02
WR00L2C2        5000   112     4     4               0.27             3.1280e+02
WR00L2C4        5000   112     4     4               0.26             3.1619e+02
WR00L2R2        5000   112     4     4               0.27             3.1357e+02
WR00L2R4        5000   112     4     4               0.26             3.1614e+02
WR00C2L2        5000   112     4     4               0.27             3.1192e+02
WR00C2L4        5000   112     4     4               0.26             3.1526e+02
WR00C2C2        5000   112     4     4               0.27             3.1225e+02
WR00C2C4        5000   112     4     4               0.26             3.1616e+02
WR00C2R2        5000   112     4     4               0.27             3.1256e+02
WR00C2R4        5000   112     4     4               0.26             3.1589e+02
WR00R2L2        5000   112     4     4               0.27             3.1271e+02
WR00R2L4        5000   112     4     4               0.26             3.1596e+02
WR00R2C2        5000   112     4     4               0.27             3.1212e+02
WR00R2C4        5000   112     4     4               0.26             3.1639e+02
WR00R2R2        5000   112     4     4               0.27             3.1347e+02
WR00R2R4        5000   112     4     4               0.26             3.1634e+02
WR00L2L2        5000   128     4     4               0.29             2.8695e+02
WR00L2L4        5000   128     4     4               0.29             2.9058e+02
WR00L2C2        5000   128     4     4               0.29             2.8805e+02
WR00L2C4        5000   128     4     4               0.29             2.9102e+02
WR00L2R2        5000   128     4     4               0.29             2.8823e+02
WR00L2R4        5000   128     4     4               0.29             2.9119e+02
WR00C2L2        5000   128     4     4               0.29             2.8751e+02
WR00C2L4        5000   128     4     4               0.29             2.9064e+02
WR00C2C2        5000   128     4     4               0.29             2.8789e+02
WR00C2C4        5000   128     4     4               0.29             2.9066e+02
WR00C2R2        5000   128     4     4               0.29             2.8818e+02
WR00C2R4        5000   128     4     4               0.29             2.9065e+02
WR00R2L2        5000   128     4     4               0.29             2.8784e+02
WR00R2L4        5000   128     4     4               0.29             2.9037e+02
WR00R2C2        5000   128     4     4               0.29             2.8837e+02
WR00R2C4        5000   128     4     4               0.29             2.9114e+02
WR00R2R2        5000   128     4     4               0.29             2.8840e+02
WR00R2R4        5000   128     4     4               0.29             2.9151e+02
WR00L2L2        5000    96     4     4               0.28             2.9880e+02
WR00L2L4        5000    96     4     4               0.27             3.1448e+02
WR00L2C2        5000    96     4     4               0.26             3.1539e+02
WR00L2C4        5000    96     4     4               0.26             3.1676e+02
WR00L2R2        5000    96     4     4               0.26             3.1565e+02
WR00L2R4        5000    96     4     4               0.26             3.1709e+02
WR00C2L2        5000    96     4     4               0.27             3.1457e+02
WR00C2L4        5000    96     4     4               0.26             3.1606e+02
WR00C2C2        5000    96     4     4               0.26             3.1507e+02
WR00C2C4        5000    96     4     4               0.26             3.1631e+02
WR00C2R2        5000    96     4     4               0.26             3.1544e+02
WR00C2R4        5000    96     4     4               0.26             3.1674e+02
WR00R2L2        5000    96     4     4               0.26             3.1490e+02
WR00R2L4        5000    96     4     4               0.26             3.1519e+02
WR00R2C2        5000    96     4     4               0.26             3.1571e+02
WR00R2C4        5000    96     4     4               0.26             3.1648e+02
WR00R2R2        5000    96     4     4               0.26             3.1603e+02
WR00R2R4        5000    96     4     4               0.26             3.1696e+02
WR00L2L2        8000    96     4     4               0.88             3.8652e+02
WR00L2L4        8000    96     4     4               0.88             3.8739e+02
WR00L2C2        8000    96     4     4               0.88             3.8694e+02
WR00L2C4        8000    96     4     4               0.88             3.8714e+02
WR00L2R2        8000    96     4     4               0.88             3.8720e+02
WR00L2R4        8000    96     4     4               0.88             3.8762e+02
WR00C2L2        8000    96     4     4               0.88             3.8632e+02
WR00C2L4        8000    96     4     4               0.88             3.8722e+02
WR00C2C2        8000    96     4     4               0.88             3.8628e+02
WR00C2C4        8000    96     4     4               0.88             3.8740e+02
WR00C2R2        8000    96     4     4               0.88             3.8699e+02
WR00C2R4        8000    96     4     4               0.88             3.8737e+02
WR00R2L2        8000    96     4     4               0.88             3.8682e+02
WR00R2L4        8000    96     4     4               0.88             3.8720e+02
WR00R2C2        8000    96     4     4               0.88             3.8703e+02
WR00R2C4        8000    96     4     4               0.88             3.8749e+02
WR00R2R2        8000    96     4     4               0.88             3.8756e+02
WR00R2R4        8000    96     4     4               0.88             3.8755e+02
WR00L2L2       10000    96     4     4               1.58             4.2089e+02
WR00L2L4       10000    96     4     4               1.58             4.2114e+02
WR00L2C2       10000    96     4     4               1.58             4.2111e+02
WR00L2C4       10000    96     4     4               1.58             4.2154e+02
WR00L2R2       10000    96     4     4               1.58             4.2141e+02
WR00L2R4       10000    96     4     4               1.58             4.2112e+02
WR00C2L2       10000    96     4     4               1.58             4.2114e+02
WR00C2L4       10000    96     4     4               1.58             4.2145e+02
WR00C2C2       10000    96     4     4               1.58             4.2106e+02
WR00C2C4       10000    96     4     4               1.58             4.2155e+02
WR00C2R2       10000    96     4     4               1.58             4.2120e+02
WR00C2R4       10000    96     4     4               1.58             4.2129e+02
WR00R2L2       10000    96     4     4               1.58             4.2135e+02
WR00R2L4       10000    96     4     4               1.58             4.2142e+02
WR00R2C2       10000    96     4     4               1.58             4.2129e+02
WR00R2C4       10000    96     4     4               1.58             4.2154e+02
WR00R2R2       10000    96     4     4               1.58             4.2130e+02
WR00R2R4       10000    96     4     4               1.58             4.2154e+02
WR00L2L2       15000    96     4     4               4.83             4.6556e+02
WR00L2L4       15000    96     4     4               4.83             4.6552e+02
WR00L2C2       15000    96     4     4               4.83             4.6576e+02
WR00L2C4       15000    96     4     4               4.83             4.6564e+02
WR00L2R2       15000    96     4     4               4.83             4.6594e+02
WR00L2R4       15000    96     4     4               4.83             4.6547e+02
WR00C2L2       15000    96     4     4               4.83             4.6564e+02
WR00C2L4       15000    96     4     4               4.83             4.6555e+02
WR00C2C2       15000    96     4     4               4.83             4.6581e+02
WR00C2C4       15000    96     4     4               4.83             4.6570e+02
WR00C2R2       15000    96     4     4               4.83             4.6578e+02
WR00C2R4       15000    96     4     4               4.83             4.6547e+02
WR00R2L2       15000    96     4     4               4.83             4.6572e+02
WR00R2L4       15000    96     4     4               4.83             4.6561e+02
WR00R2C2       15000    96     4     4               4.83             4.6577e+02
WR00R2C4       15000    96     4     4               4.83             4.6569e+02
WR00R2R2       15000    96     4     4               4.83             4.6590e+02
WR00R2R4       15000    96     4     4               4.83             4.6554e+02
WR00L2L2       10000    96     4     4               1.61             4.1345e+02
WR00L2L4       10000    96     4     4               1.58             4.2223e+02
WR00L2C2       10000    96     4     4               1.58             4.2230e+02
WR00L2C4       10000    96     4     4               1.58             4.2262e+02
WR00L2R2       10000    96     4     4               1.58             4.2245e+02
WR00L2R4       10000    96     4     4               1.58             4.2264e+02
WR00C2L2       10000    96     4     4               1.58             4.2168e+02
WR00C2L4       10000    96     4     4               1.58             4.2202e+02
WR00C2C2       10000    96     4     4               1.58             4.2171e+02
WR00C2C4       10000    96     4     4               1.58             4.2240e+02
WR00C2R2       10000    96     4     4               1.58             4.2194e+02
WR00C2R4       10000    96     4     4               1.58             4.2246e+02
WR00R2L2       10000    96     4     4               1.58             4.2231e+02
WR00R2L4       10000    96     4     4               1.58             4.2244e+02
WR00R2C2       10000    96     4     4               1.58             4.2251e+02
WR00R2C4       10000    96     4     4               1.58             4.2259e+02
WR00R2R2       10000    96     4     4               1.58             4.2269e+02
WR00R2R4       10000    96     4     4               1.58             4.2247e+02
WR00L2L2       15000    96     4     4               4.81             4.6746e+02
WR00L2L4       15000    96     4     4               4.81             4.6807e+02
WR00L2C2       15000    96     4     4               4.81             4.6820e+02
WR00L2C4       15000    96     4     4               4.81             4.6818e+02
WR00L2R2       15000    96     4     4               4.81             4.6829e+02
WR00L2R4       15000    96     4     4               4.81             4.6810e+02
WR00C2L2       15000    96     4     4               4.81             4.6801e+02
WR00C2L4       15000    96     4     4               4.81             4.6801e+02
WR00C2C2       15000    96     4     4               4.81             4.6818e+02
WR00C2C4       15000    96     4     4               4.81             4.6810e+02
WR00C2R2       15000    96     4     4               4.81             4.6828e+02
WR00C2R4       15000    96     4     4               4.81             4.6792e+02
WR00R2L2       15000    96     4     4               4.81             4.6816e+02
WR00R2L4       15000    96     4     4               4.81             4.6810e+02
WR00R2C2       15000    96     4     4               4.81             4.6818e+02
WR00R2C4       15000    96     4     4               4.81             4.6800e+02
WR00R2R2       15000    96     4     4               4.80             4.6847e+02
WR00R2R4       15000    96     4     4               4.81             4.6804e+02
WR00L2L2       20000    96     4     4              10.65             5.0095e+02
WR00L2L4       20000    96     4     4              10.64             5.0127e+02
WR00L2C2       20000    96     4     4              10.64             5.0122e+02
WR00L2C4       20000    96     4     4              10.64             5.0110e+02
WR00L2R2       20000    96     4     4              10.64             5.0132e+02
WR00L2R4       20000    96     4     4              10.65             5.0097e+02
WR00C2L2       20000    96     4     4              10.64             5.0108e+02
WR00C2L4       20000    96     4     4              10.65             5.0099e+02
WR00C2C2       20000    96     4     4              10.64             5.0114e+02
WR00C2C4       20000    96     4     4              10.65             5.0106e+02
WR00C2R2       20000    96     4     4              10.64             5.0119e+02
WR00C2R4       20000    96     4     4              10.65             5.0095e+02
WR00R2L2       20000    96     4     4              10.64             5.0125e+02
WR00R2L4       20000    96     4     4              10.64             5.0120e+02
WR00R2C2       20000    96     4     4              10.64             5.0116e+02
WR00R2C4       20000    96     4     4              10.65             5.0106e+02
WR00R2R2       20000    96     4     4              10.64             5.0136e+02
WR00R2R4       20000    96     4     4              10.65             5.0088e+02
WR00L2L2       25000    96     4     4              20.09             5.1856e+02
WR00L2L4       25000    96     4     4              20.09             5.1843e+02
WR00L2C2       25000    96     4     4              20.09             5.1854e+02
WR00L2C4       25000    96     4     4              20.09             5.1844e+02
WR00L2R2       25000    96     4     4              20.09             5.1856e+02
WR00L2R4       25000    96     4     4              20.10             5.1823e+02
WR00C2L2       25000    96     4     4              20.09             5.1844e+02
WR00C2L4       25000    96     4     4              20.10             5.1836e+02
WR00C2C2       25000    96     4     4              20.09             5.1854e+02
WR00C2C4       25000    96     4     4              20.10             5.1835e+02
WR00C2R2       25000    96     4     4              20.08             5.1877e+02
WR00C2R4       25000    96     4     4              20.10             5.1823e+02
WR00R2L2       25000    96     4     4              20.09             5.1842e+02
WR00R2L4       25000    96     4     4              20.10             5.1835e+02
WR00R2C2       25000    96     4     4              20.09             5.1858e+02
WR00R2C4       25000    96     4     4              20.10             5.1833e+02
WR00R2R2       25000    96     4     4              20.09             5.1851e+02
WR00R2R4       25000    96     4     4              20.11             5.1808e+02
WR00L2L2        5000    96     1     1               2.26             3.6848e+01
WR00C2L2        5000    96     1     1               2.24             3.7237e+01
WR00R2L2        5000    96     1     1               2.24             3.7252e+01
WR00L2L2        5000    96     5     5               0.25             3.3435e+02
WR00L2L4        5000    96     5     5               0.22             3.7771e+02
WR00L2C2        5000    96     5     5               0.22             3.7754e+02
WR00L2C4        5000    96     5     5               0.22             3.8057e+02
WR00L2R2        5000    96     5     5               0.22             3.7877e+02
WR00L2R4        5000    96     5     5               0.22             3.8026e+02
WR00C2L2        5000    96     5     5               0.22             3.7612e+02
WR00C2L4        5000    96     5     5               0.22             3.7984e+02
WR00C2C2        5000    96     5     5               0.22             3.7732e+02
WR00C2C4        5000    96     5     5               0.22             3.8015e+02
WR00C2R2        5000    96     5     5               0.22             3.7804e+02
WR00C2R4        5000    96     5     5               0.22             3.8058e+02
WR00R2L2        5000    96     5     5               0.22             3.7763e+02
WR00R2L4        5000    96     5     5               0.22             3.8041e+02
WR00R2C2        5000    96     5     5               0.22             3.7909e+02
WR00R2C4        5000    96     5     5               0.22             3.8060e+02
WR00R2R2        5000    96     5     5               0.22             3.7801e+02
WR00R2R4        5000    96     5     5               0.22             3.8169e+02
WR00L2L2        5000    80     5     5               0.22             3.7767e+02
WR00L2L4        5000    80     5     5               0.22             3.8309e+02
WR00L2C2        5000    80     5     5               0.22             3.7997e+02
WR00L2C4        5000    80     5     5               0.22             3.8337e+02
WR00L2R2        5000    80     5     5               0.22             3.8036e+02
WR00L2R4        5000    80     5     5               0.22             3.8431e+02
WR00C2L2        5000    80     5     5               0.22             3.7806e+02
WR00C2L4        5000    80     5     5               0.22             3.8241e+02
WR00C2C2        5000    80     5     5               0.22             3.7951e+02
WR00C2C4        5000    80     5     5               0.22             3.8312e+02
WR00C2R2        5000    80     5     5               0.22             3.7983e+02
WR00C2R4        5000    80     5     5               0.22             3.8340e+02
WR00R2L2        5000    80     5     5               0.22             3.8006e+02
WR00R2L4        5000    80     5     5               0.22             3.8392e+02
WR00R2C2        5000    80     5     5               0.22             3.8091e+02
WR00R2C4        5000    80     5     5               0.22             3.8434e+02
WR00R2R2        5000    80     5     5               0.22             3.8086e+02
WR00R2R4        5000    80     5     5               0.22             3.8071e+02
WR00L2L2        5000   112     5     5               0.22             3.7423e+02
WR00L2L4        5000   112     5     5               0.22             3.7729e+02
WR00L2C2        5000   112     5     5               0.22             3.7609e+02
WR00L2C4        5000   112     5     5               0.22             3.8122e+02
WR00L2R2        5000   112     5     5               0.22             3.7680e+02
WR00L2R4        5000   112     5     5               0.22             3.8156e+02
WR00C2L2        5000   112     5     5               0.22             3.7478e+02
WR00C2L4        5000   112     5     5               0.22             3.7973e+02
WR00C2C2        5000   112     5     5               0.22             3.7559e+02
WR00C2C4        5000   112     5     5               0.22             3.8070e+02
WR00C2R2        5000   112     5     5               0.22             3.7601e+02
WR00C2R4        5000   112     5     5               0.22             3.8107e+02
WR00R2L2        5000   112     5     5               0.22             3.7631e+02
WR00R2L4        5000   112     5     5               0.22             3.8122e+02
WR00R2C2        5000   112     5     5               0.22             3.7710e+02
WR00R2C4        5000   112     5     5               0.22             3.8110e+02
WR00R2R2        5000   112     5     5               0.22             3.7780e+02
WR00R2R4        5000   112     5     5               0.22             3.8193e+02
WR00L2L2       10000    96     5     5               1.21             5.5058e+02
WR00L2L4       10000    96     5     5               1.21             5.5200e+02
WR00L2C2       10000    96     5     5               1.21             5.5251e+02
WR00L2C4       10000    96     5     5               1.21             5.5327e+02
WR00L2R2       10000    96     5     5               1.21             5.5276e+02
WR00L2R4       10000    96     5     5               1.21             5.5337e+02
WR00C2L2       10000    96     5     5               1.21             5.5175e+02
WR00C2L4       10000    96     5     5               1.21             5.5202e+02
WR00C2C2       10000    96     5     5               1.21             5.5221e+02
WR00C2C4       10000    96     5     5               1.21             5.5305e+02
WR00C2R2       10000    96     5     5               1.21             5.5256e+02
WR00C2R4       10000    96     5     5               1.21             5.5237e+02
WR00R2L2       10000    96     5     5               1.21             5.5211e+02
WR00R2L4       10000    96     5     5               1.21             5.5312e+02
WR00R2C2       10000    96     5     5               1.21             5.5314e+02
WR00R2C4       10000    96     5     5               1.21             5.5272e+02
WR00R2R2       10000    96     5     5               1.21             5.5264e+02
WR00R2R4       10000    96     5     5               1.21             5.5291e+02
WR00L2L2       10000    80     5     5               1.29             5.1875e+02
WR00L2L4       10000    80     5     5               1.28             5.2219e+02
WR00L2C2       10000    80     5     5               1.28             5.2139e+02
WR00L2C4       10000    80     5     5               1.28             5.2288e+02
WR00L2R2       10000    80     5     5               1.28             5.2071e+02
WR00L2R4       10000    80     5     5               1.28             5.2263e+02
WR00C2L2       10000    80     5     5               1.28             5.2076e+02
WR00C2L4       10000    80     5     5               1.28             5.2249e+02
WR00C2C2       10000    80     5     5               1.28             5.2080e+02
WR00C2C4       10000    80     5     5               1.28             5.2284e+02
WR00C2R2       10000    80     5     5               1.28             5.2132e+02
WR00C2R4       10000    80     5     5               1.28             5.2166e+02
WR00R2L2       10000    80     5     5               1.28             5.2117e+02
WR00R2L4       10000    80     5     5               1.28             5.2260e+02
WR00R2C2       10000    80     5     5               1.28             5.2153e+02
WR00R2C4       10000    80     5     5               1.28             5.2199e+02
WR00R2R2       10000    80     5     5               1.28             5.2178e+02
WR00R2R4       10000    80     5     5               1.28             5.2294e+02
WR00L2L2       10000   112     5     5               1.19             5.6168e+02
WR00L2L4       10000   112     5     5               1.18             5.6595e+02
WR00L2C2       10000   112     5     5               1.19             5.6252e+02
WR00L2C4       10000   112     5     5               1.18             5.6535e+02
WR00L2R2       10000   112     5     5               1.18             5.6305e+02
WR00L2R4       10000   112     5     5               1.18             5.6621e+02
WR00C2L2       10000   112     5     5               1.19             5.6236e+02
WR00C2L4       10000   112     5     5               1.18             5.6578e+02
WR00C2C2       10000   112     5     5               1.19             5.6216e+02
WR00C2C4       10000   112     5     5               1.18             5.6615e+02
WR00C2R2       10000   112     5     5               1.18             5.6317e+02
WR00C2R4       10000   112     5     5               1.18             5.6545e+02
WR00R2L2       10000   112     5     5               1.19             5.6143e+02
WR00R2L4       10000   112     5     5               1.18             5.6537e+02
WR00R2C2       10000   112     5     5               1.18             5.6349e+02
WR00R2C4       10000   112     5     5               1.18             5.6566e+02
WR00R2R2       10000   112     5     5               1.18             5.6387e+02
WR00R2R4       10000   112     5     5               1.18             5.6606e+02
WR00L2L2       15000    96     5     5               3.70             6.0752e+02
WR00L2L4       15000    96     5     5               3.70             6.0757e+02
WR00L2C2       15000    96     5     5               3.70             6.0806e+02
WR00L2C4       15000    96     5     5               3.70             6.0785e+02
WR00L2R2       15000    96     5     5               3.70             6.0778e+02
WR00L2R4       15000    96     5     5               3.71             6.0736e+02
WR00C2L2       15000    96     5     5               3.70             6.0748e+02
WR00C2L4       15000    96     5     5               3.70             6.0748e+02
WR00C2C2       15000    96     5     5               3.71             6.0660e+02
WR00C2C4       15000    96     5     5               3.70             6.0754e+02
WR00C2R2       15000    96     5     5               3.70             6.0759e+02
WR00C2R4       15000    96     5     5               3.71             6.0668e+02
WR00R2L2       15000    96     5     5               3.70             6.0785e+02
WR00R2L4       15000    96     5     5               3.70             6.0785e+02
WR00R2C2       15000    96     5     5               3.70             6.0791e+02
WR00R2C4       15000    96     5     5               3.70             6.0785e+02
WR00R2R2       15000    96     5     5               3.70             6.0833e+02
WR00R2R4       15000    96     5     5               3.71             6.0721e+02
WR00L2L2       15000    80     5     5               3.77             5.9767e+02
WR00L2L4       15000    80     5     5               3.76             5.9819e+02
WR00L2C2       15000    80     5     5               3.76             5.9875e+02
WR00L2C4       15000    80     5     5               3.76             5.9899e+02
WR00L2R2       15000    80     5     5               3.76             5.9885e+02
WR00L2R4       15000    80     5     5               3.76             5.9882e+02
WR00C2L2       15000    80     5     5               3.77             5.9652e+02
WR00C2L4       15000    80     5     5               3.77             5.9715e+02
WR00C2C2       15000    80     5     5               3.77             5.9748e+02
WR00C2C4       15000    80     5     5               3.76             5.9905e+02
WR00C2R2       15000    80     5     5               3.76             5.9784e+02
WR00C2R4       15000    80     5     5               3.76             5.9883e+02
WR00R2L2       15000    80     5     5               3.77             5.9764e+02
WR00R2L4       15000    80     5     5               3.75             5.9948e+02
WR00R2C2       15000    80     5     5               3.76             5.9813e+02
WR00R2C4       15000    80     5     5               3.76             5.9884e+02
WR00R2R2       15000    80     5     5               3.76             5.9900e+02
WR00R2R4       15000    80     5     5               3.75             5.9929e+02
WR00L2L2       15000   112     5     5               3.48             6.4681e+02
WR00L2L4       15000   112     5     5               3.47             6.4926e+02
WR00L2C2       15000   112     5     5               3.47             6.4766e+02
WR00L2C4       15000   112     5     5               3.47             6.4877e+02
WR00L2R2       15000   112     5     5               3.47             6.4773e+02
WR00L2R4       15000   112     5     5               3.47             6.4929e+02
WR00C2L2       15000   112     5     5               3.48             6.4692e+02
WR00C2L4       15000   112     5     5               3.47             6.4892e+02
WR00C2C2       15000   112     5     5               3.49             6.4567e+02
WR00C2C4       15000   112     5     5               3.47             6.4899e+02
WR00C2R2       15000   112     5     5               3.48             6.4661e+02
WR00C2R4       15000   112     5     5               3.47             6.4864e+02
WR00R2L2       15000   112     5     5               3.48             6.4732e+02
WR00R2L4       15000   112     5     5               3.47             6.4832e+02
WR00R2C2       15000   112     5     5               3.48             6.4686e+02
WR00R2C4       15000   112     5     5               3.47             6.4918e+02
WR00R2R2       15000   112     5     5               3.48             6.4735e+02
WR00R2R4       15000   112     5     5               3.47             6.4880e+02
WR00L2L2       20000    96     5     5               7.87             6.7735e+02
WR00L2L4       20000    96     5     5               7.86             6.7864e+02
WR00L2C2       20000    96     5     5               7.86             6.7904e+02
WR00L2C4       20000    96     5     5               7.86             6.7868e+02
WR00L2R2       20000    96     5     5               7.86             6.7853e+02
WR00L2R4       20000    96     5     5               7.86             6.7821e+02
WR00C2L2       20000    96     5     5               7.87             6.7752e+02
WR00C2L4       20000    96     5     5               7.86             6.7853e+02
WR00C2C2       20000    96     5     5               7.85             6.7921e+02
WR00C2C4       20000    96     5     5               7.86             6.7863e+02
WR00C2R2       20000    96     5     5               7.86             6.7878e+02
WR00C2R4       20000    96     5     5               7.86             6.7863e+02
WR00R2L2       20000    96     5     5               7.86             6.7886e+02
WR00R2L4       20000    96     5     5               7.86             6.7830e+02
WR00R2C2       20000    96     5     5               7.86             6.7878e+02
WR00R2C4       20000    96     5     5               7.86             6.7849e+02
WR00R2R2       20000    96     5     5               7.86             6.7879e+02
WR00R2R4       20000    96     5     5               7.86             6.7861e+02
WR00L2L2       20000    80     5     5               8.30             6.4256e+02
WR00L2L4       20000    80     5     5               8.30             6.4262e+02
WR00L2C2       20000    80     5     5               8.30             6.4283e+02
WR00L2C4       20000    80     5     5               8.32             6.4135e+02
WR00L2R2       20000    80     5     5               8.32             6.4112e+02
WR00L2R4       20000    80     5     5               8.31             6.4211e+02
WR00C2L2       20000    80     5     5               8.31             6.4167e+02
WR00C2L4       20000    80     5     5               8.30             6.4248e+02
WR00C2C2       20000    80     5     5               8.30             6.4274e+02
WR00C2C4       20000    80     5     5               8.30             6.4256e+02
WR00C2R2       20000    80     5     5               8.30             6.4259e+02
WR00C2R4       20000    80     5     5               8.30             6.4263e+02
WR00R2L2       20000    80     5     5               8.31             6.4198e+02
WR00R2L4       20000    80     5     5               8.31             6.4215e+02
WR00R2C2       20000    80     5     5               8.30             6.4287e+02
WR00R2C4       20000    80     5     5               8.30             6.4286e+02
WR00R2R2       20000    80     5     5               8.30             6.4254e+02
WR00R2R4       20000    80     5     5               8.31             6.4224e+02
WR00L2L2       20000   112     5     5               7.57             7.0497e+02
WR00L2L4       20000   112     5     5               7.55             7.0647e+02
WR00L2C2       20000   112     5     5               7.57             7.0504e+02
WR00L2C4       20000   112     5     5               7.56             7.0577e+02
WR00L2R2       20000   112     5     5               7.56             7.0534e+02
WR00L2R4       20000   112     5     5               7.55             7.0649e+02
WR00C2L2       20000   112     5     5               7.56             7.0514e+02
WR00C2L4       20000   112     5     5               7.56             7.0580e+02
WR00C2C2       20000   112     5     5               7.57             7.0508e+02
WR00C2C4       20000   112     5     5               7.55             7.0668e+02
WR00C2R2       20000   112     5     5               7.56             7.0515e+02
WR00C2R4       20000   112     5     5               7.55             7.0614e+02
WR00R2L2       20000   112     5     5               7.57             7.0486e+02
WR00R2L4       20000   112     5     5               7.56             7.0544e+02
WR00R2C2       20000   112     5     5               7.56             7.0542e+02
WR00R2C4       20000   112     5     5               7.55             7.0651e+02
WR00R2R2       20000   112     5     5               7.56             7.0560e+02
WR00R2R4       20000   112     5     5               7.55             7.0644e+02
